14106
4428
5672
7614
12286
10055
2397
10516
1884
2117
4020
10001
1469
6563
6446
12768
14535
5741
3901
3845
7878
10598
7922
11307
8353
9133
4282
9547
1065
11891
5500
14679
1319
10680
6800
13113
5734
9198
8136
7618
10823
12156
2126
12292
3226
8081
9568
2760
13330
13469
6114
6207
8575
14036
2514
1927
7676
6304
11474
8249
3194
1973
7928
4513
12162
14236
2133
2895
7941
10269
10022
3272
6932
12148
563
10159
4736
9639
12427
3066
7616
3048
9273
1190
2083
11295
2625
9760
2598
14099
3008
5793
579
10444
9814
12741
9188
11948
144
2128
6724
9674
5400
13657
6329
5472
8323
11066
14619
5257
14132
6742
8306
7912
7440
9897
4207
10065
4164
6805
8671
6681
12106
9251
2124
6920
6499
10820
3375
6151
12457
9607
824
2364
7771
7154
7344
1093
2727
6963
5859
1858
13213
14165
9278
5653
9061
13485
717
13226
4798
9389
4414
1411
3147
6046
7839
9154
1866
11214
305
14323
5329
637
1686
13100
7791
8539
14194
10026
501
4560
11392
13714
3724
5670
3874
12293
4154
4592
10026
8460
13489
14440
9872
1143
5486
2710
10297
7352
13433
10602
6182
3761
10748
7376
1860
3538
914
561
13565
923
5121
9956
14146
8353
133
3019
5646
3796
7119
179
12256
5115
14620
6635
6258
4613
8854
1555
11473
7286
11665
2654
10555
7412
9538
11923
10459
9961
12485
8531
10392
2113
2994
9045
9975
3128
12065
128
6924
3691
307
3687
8807
14435
10323
14573
4047
4176
1127
519
10970
12301
2681
6524
4712
11728
3446
14679
6688
438
8209
1587
2060
10712
10633
12035
13840
7205
11671
5271
10896
11978
8958
4210
11413
3788
3783
14968
7964
4418
487
3441
1718
2676
9965
6431
14404
12920
5617
5599
12866
13827
7187
14926
9538
2327
11468
7885
9532
8138
13156
5427
4624
6621
9146
544
10410
12929
511
2881
2346
506
5831
4065
3183
303
10004
2094
13223
620
7202
10597
13955
13897
10030
8000
1223
6498
884
10755
14144
13548
689
3275
4677
9835
3819
14595
7271
3839
1983
9618
4345
7814
13191
7036
8118
8194
9131
5848
8322
1332
1444
6785
228
11475
14785
959
2480
177
11714
1131
13233
11911
4407
2909
6746
7734
2503
13525
11573
3995
8142
918
11809
5840
7954
4926
13542
1592
10775
6864
2432
11727
13649
2168
7709
12941
3127
10189
13118
14349
10829
10859
11260
235
13768
2513
7477
779
1037
4050
4774
8688
4476
1582
14528
11938
6017
13070
13531
1299
4441
962
12534
2597
3131
5243
537
5766
431
13164
5115
11260
9022
1374
11003
7297
3395
3480
8076
4432
7038
12358
12628
11514
13449
12156
8451
4465
9733
6489
5272
14174
6960
2805
1770
9599
8048
1815
364
7988
14979
5479
3755
9000
6361
14759
1297
9756
2746
8881
13697
9292
6239
11324
5805
4687
7987
13764
8660
2719
5253
13932
1400
11721
1244
3170
6319
9293
4986
6683
1788
4472
11671
5543
13473
3031
4809
14278
12296
7555
8158
10500
1846
13905
6331
7159
3591
14319
5923
11759
1545
10684
10690
2946
7404
11935
5624
13723
5735
10610
4913
7523
82
1583
13066
13063
4123
2875
12340
926
9938
5005
11426
11293
3910
2756
2959
7009
1582
8390
3768
3128
4073
13966
5582
10985
10408
11206
9215
650
6324
13637
8173
5914
219
5747
3484
3850
8130
331
4776
2575
5336
709
13376
8754
2974
1335
271
4556
9725
4039
7192
13307
2512
12774
8799
12429
8488
3014
13079
14320
1650
6252
5233
1377
11507
8717
5228
4636
9048
9512
6719
13892
9730
5095
7646
12704
6430
7917
1767
662
11464
8960
13969
13484
6241
7768
10912
14237
10290
8991
13556
11448
14751
3296
12825
11257
11521
2560
400
5076
11581
6627
3968
6310
11722
11122
3521
2659
3546
5288
2830
14518
13756
1798
13001
4997
9074
8913
3741
3871
2411
2297
318
2161
5101
12652
12926
1622
211
12834
6698
11300
4460
10174
2609
690
6295
6130
2857
9349
10927
5687
8866
9682
6994
6375
14679
575
14796
2928
4447
2206
5225
4273
3875
9834
1924
1308
11456
1644
13650
3154
12944
2617
12836
61
3307
4131
5699
6165
12988
1625
11360
6854
11308
3353
13229
10494
3929
12532
13422
8376
14738
3154
12649
3120
12989
14082
4428
8952
725
2585
11614
13177
5202
9450
13238
8018
13581
3937
13691
11568
5070
10050
2929
885
13404
665
11380
2332
13197
9309
10216
12442
11972
7372
561
9468
6453
4497
3419
6686
7082
33
4863
12285
9483
2608
5302
7571
6053
3992
3646
11124
13550
6576
12009
11953
6749
7896
13793
4946
1713
8516
1895
13685
888
2457
8152
6849
6954
11571
13044
13545
11112
2414
10337
5594
5022
638
13165
11076
4138
1319
6707
2687
7895
3223
14149
14152
11120
12941
3605
12833
6457
5501
11025
6853
7958
3684
13210
14420
254
11253
12472
11367
13667
7808
1468
3197
8446
14142
14273
12092
460
5979
14780
7863
9202
13928
7014
4829
11376
10620
2169
2340
1120
12702
8701
8586
1385
6911
7513
1640
2671
4985
12515
846
12793
13983
4043
5747
12632
2823
2838
13092
8310
2125
5954
2019
560
12969
6357
11937
8096
8526
14277
9216
6228
7978
2309
7121
14397
9822
8761
1575
14807
5783
2421
12600
4274
5972
3346
1905
8795
5692
14998
1612
7818
5459
3632
8378
3427
9989
5314
11523
3022
4099
5246
8758
11585
7555
879
10489
2377
9148
12064
1691
14440
14486
14291
3713
4965
2144
5126
13269
7837
4631
14881
162
10091
3020
8540
13518
12517
13363
9549
539
1969
14303
8805
13554
6858
9192
9042
8743
3340
6105
10434
2287
5098
9233
6000
10064
10885
10634
8332
3229
265
7720
3391
10356
10741
11440
8381
8257
9802
2437
8304
11771
1740
1617
9832
8106
10809
3381
1848
13657
9486
11790
943
14093
5530
6451
8664
1415
2085
1503
4644
2350
9223
7544
12706
4471
3983
5594
12237
13785
8032
5540
10063
9772
6665
4402
2877
2474
7783
4233
638
2268
530
1582
868
6061
8033
9532
6984
9626
11035
11136
11976
4766
3679
9189
9237
7662
14784
6473
5954
7323
11522
524
2094
3186
4926
4479
5168
12709
8220
5807
14486
8258
6897
353
14319
14930
9394
5810
9064
4936
1946
6039
9702
5625
14737
3447
12796
14028
9920
3749
6350
6441
3782
8444
9136
8708
12431
14304
6417
5650
5110
5410
13416
11515
5763
12735
10953
14665
3052
5016
4601
4998
10563
13811
10132
10299
2257
7927
9326
11686
11184
675
2634
14966
8627
11770
8182
6057
11074
14107
11215
691
4516
9631
12207
9787
6873
8159
9452
9433
12683
13561
14432
8245
12371
9071
3544
14137
1997
12378
10822
12689
13054
13456
12163
6188
9734
5344
11754
5807
3958
7476
6006
8474
1614
2720
3260
7995
10387
12712
2428
8069
10780
1859
822
8151
10930
4366
6795
12435
1251
2616
9631
13813
579
6793
5001
10313
11645
1754
627
602
8738
6142
8584
10353
8862
11845
3347
3757
9064
5775
11334
4844
7142
12156
12503
3071
1029
4297
13
2281
6421
9645
1093
6508
945
5602
1821
12099
6864
1956
12209
602
8098
5793
10955
1468
2145
13810
5225
11209
4585
1066
560
11727
13223
13063
14307
13760
1867
14320
548
7796
8964
1642
14305
9418
6752
633
6516
13617
2589
3724
14219
10688
9517
9681
12156
11662
8490
1888
7379
12583
2954
7939
9310
684
5510
8124
14445
6885
7443
14501
14682
915
1142
13494
10333
7403
14127
1356
6019
1223
5080
4745
11911
14106
13934
8574
10275
7423
10462
2161
4514
12925
9609
13332
13609
118
6455
12561
7003
13898
12062
6192
14321
12712
4193
9161
5114
3319
10517
10641
4543
105
385
961
14211
14319
9536
8993
6250
4505
10663
10272
2429
5271
8603
546
5389
57
13107
11900
13463
9676
2600
12784
6896
6793
6944
12010
9621
2461
7159
13672
2074
7052
14633
792
5879
8676
9785
12129
13182
5447
6908
610
10718
510
1156
614
567
13772
12023
13538
8447
14623
11321
342
6415
2773
11861
543
4742
4019
14215
6816
10579
13848
7608
1457
7031
1900
13094
5212
6856
5001
5823
2573
5511
6487
2696
5586
5258
14719
4124
13214
14341
14953
13064
5263
2725
9432
5807
6975
12959
4529
13791
8538
3376
5906
9995
9916
7807
8089
127
14663
13090
5458
1743
3109
11946
3947
8695
1711
3665
12327
14433
2513
12280
12497
7777
14513
6928
13092
6488
4887
2620
4786
13425
5505
10201
8419
420
3007
1015
547
2177
14106
5514
3428
2214
2459
7376
10417
3678
11041
7252
3111
13555
4531
607
5839
3551
7043
3930
9547
11930
6058
13842
9862
11563
9042
2789
11983
11557
3804
12039
13734
2909
2552
2161
4631
4519
9537
14557
8197
5578
6808
10816
3640
10847
10931
9479
14398
2974
12917
8453
14412
3974
7294
8782
45
843
11571
12028
12400
374
8574
11133
2792
10634
12802
6931
14661
6847
6487
7366
11933
13295
3181
572
9141
14113
9559
8047
1594
7475
1007
1005
10957
7809
9787
11002
8652
5865
7538
6051
6240
619
1691
8540
11254
14001
470
10914
5847
6958
3279
2779
4760
5969
2859
13902
5081
12418
6456
6675
4400
7463
7188
357
271
1483
11359
8923
7348
3404
14482
13096
4024
680
6635
277
14189
6614
10699
5036
13572
13487
7323
3331
4455
10183
1740
9044
7600
8196
226
11509
658
7414
11866
437
8405
7732
8868
261
10645
8349
13357
14669
8537
4500
14454
7726
11114
10152
12270
9685
8146
4100
12524
12601
14283
13773
6152
6391
6968
6378
2899
7135
13301
14273
7080
6705
6512
948
6966
2156
9297
4831
1824
2342
9331
785
9576
4952
10446
6353
14145
3591
10453
11668
700
9736
10440
6852
634
1916
13231
3041
8559
11531
2313
638
2743
8333
1586
9710
10490
10392
14049
11822
12242
7887
12608
6817
12839
8053
13170
11983
11152
8130
8158
11852
2373
3598
3704
3007
5022
1934
6048
13089
13465
7869
13727
1207
710
14822
10425
10708
9721
8981
7529
6962
1867
4644
13779
14706
12205
11456
11688
8357
4093
4846
5208
6467
7952
8912
9474
12482
10354
30
10570
8326
7407
8804
9042
7625
8625
4466
3332
3345
12956
10370
9815
14823
13
8101
14037
11727
4556
10232
5083
8650
14586
9799
14625
7537
3219
8606
4526
13573
8636
14604
6899
551
8408
940
8176
1540
4914
11017
4394
2377
6386
14209
2200
5907
7310
744
2633
11374
10976
7224
4531
10562
2023
4155
2606
4750
12762
6641
2830
5905
6244
9729
5964
14652
10177
14141
1192
14600
10157
5094
1484
1050
4302
3192
6957
11120
3936
9591
7494
14913
1814
11533
9982
3345
688
12588
8095
12958
4228
10926
3862
9981
5162
9827
9632
14848
8475
10332
13955
3139
425
438
4189
4236
3631
11146
355
7075
5244
7357
6987
6567
3890
1476
9912
4086
13573
2515
2043
2308
12949
5413
12289
2618
14748
6921
2465
7730
1760
927
10869
1694
874
14566
5438
4013
10220
5301
11088
463
12659
2583
7030
1056
4059
1450
5142
2631
3965
6693
4940
1913
11614
2228
4531
11362
8657
6505
4091
9926
6940
14469
11620
7814
14034
1565
11827
8761
6866
7915
9225
4032
10006
762
5088
14065
2212
9738
1696
5685
938
6144
7598
12553
8372
11638
8914
1537
2650
12513
11463
9590
11981
7590
1912
10523
9155
13247
4283
1020
6161
13016
5053
674
13287
9649
14740
498
4387
943
6184
5325
7087
13290
2385
14967
9435
11299
1503
12085
8320
12474
6183
5300
5063
8095
330
13726
6341
4122
14747
12011
1645
4307
12685
14932
13464
11932
430
2358
12875
6122
7192
4961
4411
9577
4928
13355
5384
5939
10439
13704
3413
1129
3511
8476
8732
3842
7202
73
7472
6456
11592
9117
10271
8784
8557
8734
5716
8495
10601
3590
14617
2792
8060
3535
12369
12988
1397
2752
3926
11837
1455
7339
12474
4967
323
6206
8317
7033
5787
296
13489
2378
8921
8267
10670
2477
1508
1385
10972
12109
4484
10096
14901
12544
13140
12270
10531
14537
14530
13965
10881
985
5812
8355
5460
6135
14069
13285
13168
4855
13581
11164
7233
7501
3938
2902
9487
5446
3796
4966
2555
8280
14571
2455
5823
12218
14233
861
11262
13763
14826
7143
14256
5145
5
4715
11280
13582
2999
8955
3436
1087
4626
10177
8588
8564
12587
2582
14011
1382
7549
1073
9170
7119
3528
14993
4336
2761
361
597
1031
187
7248
286
4840
6761
5001
1120
5342
7508
9583
8778
8595
13718
3462
1690
7281
1049
4273
5799
2431
11330
6872
11602
3448
9909
11102
7292
12178
11464
7889
13209
11159
14646
13495
998
5914
3003
1626
11257
10511
11210
4542
3613
9435
8005
5303
1715
9054
9084
7023
10993
5413
13403
7594
8369
8311
3204
660
5488
14668
8058
3696
10334
7211
1698
10840
13125
4701
12467
9381
211
8184
13432
3332
2618
6436
8144
3841
14998
2227
10372
10990
7149
8775
3092
25
1593
6296
686
7082
5471
8252
10286
804
462
11493
11644
13095
1193
8618
7476
913
1801
5415
4245
3927
11851
12389
7277
11848
14125
2648
7837
5781
11423
10929
5806
13017
1732
6492
4606
7203
14252
14400
7515
14222
10892
3667
12317
11594
12285
4300
12507
13595
9715
1259
2029
6565
13649
9306
2920
12281
11955
10265
3061
7885
6194
8867
5409
7434
14868
10015
14638
14119
8923
7152
12849
4814
10819
10165
915
7612
14465
13422
5714
9179
14682
7743
251
12838
2049
3171
9626
13512
13436
12687
6396
4137
6061
11806
11572
5928
6328
10717
4555
250
2868
1911
4573
13196
12076
5488
5315
11048
3418
11029
5226
2607
3279
4985
14953
5328
8156
9578
3839
6099
7264
9744
9745
12833
6057
6316
3269
12385
2032
7332
12144
4408
9243
1716
2111
6318
6712
6934
2365
9638
2962
7099
12245
6242
12084
12197
11078
4747
6282
14426
10354
13054
8677
5098
10887
14734
10922
14156
12118
12462
6487
9261
1870
729
10485
3489
6555
1705
10424
8428
11343
12894
526
8096
3643
12118
4800
14722
1864
11083
13655
12218
8644
7331
1824
4530
7064
12746
3193
3689
10208
9188
12459
11586
9425
7943
14583
979
9156
10006
9407
5007
7408
9441
12611
11051
6558
2410
10280
7930
13001
8934
5148
6645
772
6480
10683
7836
4225
13877
11034
13941
7572
8492
10034
1997
942
9617
2484
10099
4130
11400
105
11538
5840
12716
7097
11907
14634
2376
4836
12635
10819
9492
3787
11099
971
13978
3443
4705
12854
14477
3645
4934
7968
13680
6931
8910
7804
8923
4008
11934
5322
3621
7980
10671
844
76
7577
478
1960
11921
12621
12287
6413
915
8386
6892
14893
11829
11597
12255
11305
242
2188
4272
13430
8627
12690
6233
2549
1698
2674
7872
4827
10654
3050
5672
10238
10135
5658
12199
7055
3278
8993
12976
3701
2378
4868
3593
13715
1464
847
10019
1214
2543
13799
14152
11170
11489
4892
13720
12695
7567
6099
2029
3220
8657
7701
13459
3791
12867
10165
10354
652
4157
8330
4353
6536
12706
7455
4758
13678
8302
14778
14401
10354
13084
13552
6523
9080
3444
4750
6282
11011
10357
8312
13739
3521
520
11705
7312
13388
6869
2174
13548
10535
10504
2901
1578
7717
10356
6336
6394
3165
6113
5302
13519
3705
3854
4550
12293
6806
8808
3575
2324
3673
11395
1062
7194
11915
12276
14507
9810
4144
1188
8358
14679
11692
10767
1256
3916
6122
7593
9818
8795
13214
120
6822
1426
3974
11372
13720
10288
4687
1802
12612
8360
13197
13182
554
9619
10457
14569
3937
14110
756
11803
13296
11956
7569
14061
379
13199
6653
10197
6501
4374
10317
13323
5309
13799
9202
4028
9086
13890
5830
6205
7249
3534
4387
7311
13153
14352
6387
2089
13461
6651
13400
11757
3114
5968
10325
3493
3674
1485
13691
10176
5859
9007
8006
10676
7806
2208
14704
1399
1097
5041
7605
7854
8083
11500
14674
6236
10851
6060
7833
8820
12712
6233
5084
333
11709
408
3827
14892
1893
2517
9575
7260
11032
2580
2936
3837
4788
2147
4745
5393
6697
12350
13248
14780
8849
12921
5523
4207
3488
12865
12535
707
3605
2618
1041
14822
3026
4868
14713
4427
6893
8795
11688
2924
11376
14132
6762
671
1278
11507
6065
7483
8364
3820
7263
1720
1740
12294
5435
4736
10158
2970
5444
13763
5588
5993
13585
8123
10861
12805
12058
2753
6600
8745
5677
2483
7384
11947
3154
8171
7961
9219
653
832
12547
7424
2552
14287
4718
7496
3531
14876
10466
8483
13147
1053
14476
11239
8684
9844
9043
5742
12597
642
13995
2781
2633
6379
14237
5788
14550
6705
14515
202
7046
12062
7627
9106
10856
11853
1601
14387
11728
12067
7869
9382
12629
6852
5620
6312
1695
14664
12054
13800
14814
10557
1581
2447
1935
325
7743
1484
6538
7257
1194
13584
4318
8329
7690
14683
5181
9291
13577
1417
6358
6446
10799
3494
13298
1419
9806
14502
590
6368
13301
14912
1924
14390
1866
3859
14715
9609
4851
6253
1374
5553
4344
5200
13883
12034
4882
4063
5833
3459
4988
12191
9413
787
684
7218
1714
9998
6719
1812
1365
5020
1231
2797
4409
3098
6164
3632
12215
11015
9393
13589
1076
13737
3789
14959
10771
8671
3529
1111
11638
8518
12810
6050
8813
13002
13269
10035
7999
4495
11355
8873
9515
12586
11670
13433
683
2342
2064
12899
12865
11457
10995
13941
10193
14784
13899
5471
7963
2428
6582
4600
10454
4391
10159
3774
2392
7935
13809
9900
12430
9671
3772
6945
7256
14950
5377
7448
2291
7441
4854
156
3405
848
14097
13598
632
12504
3577
8103
14440
10159
12703
9893
14059
7369
13667
958
303
11983
10858
12734
6653
14630
4186
13417
14088
9071
5864
1378
1511
10718
1042
4424
11075
139
3021
11707
12643
6106
4317
12082
773
1527
6482
14832
8897
4656
789
9200
1146
11648
6441
7307
10785
10627
5723
9872
4697
11588
10759
5716
6813
11801
10140
2887
11940
12670
14102
9090
3775
3418
5679
4056
4454
11669
3887
13351
832
4185
7550
1978
340
13500
9285
11125
9126
14517
5505
13824
10612
1263
4539
2424
12572
14188
4820
9020
11857
3429
3109
139
6356
8297
4196
10810
4965
7591
9160
5306
11776
1217
7284
11624
14717
1077
7257
8843
593
12762
7174
11205
13533
11221
13137
11104
9916
2464
5123
6280
5894
7741
6420
12250
1037
10124
8059
5510
2222
1726
10324
13507
2943
2608
10130
2168
3193
2386
10519
3294
14656
2692
14499
12696
13421
12143
8800
8337
14608
13431
14617
5501
6171
5544
2258
6716
175
10317
11735
2398
12043
7058
904
14494
9174
11034
1169
12367
12929
11688
660
12092
13888
14667
9788
11817
11810
3587
5153
10925
2017
4277
933
7697
9822
3191
13921
9997
13508
10655
12395
10058
2221
12807
9059
11395
8349
10229
8270
6277
6424
8438
3368
4820
8105
13156
1636
4422
1250
6789
14855
2776
11066
787
9981
5395
3978
8901
392
2485
4064
12295
12051
6285
10102
5617
2187
2958
353
10457
9235
6778
3895
12111
11598
11508
9775
13234
929
10533
4530
783
13309
595
1570
7797
5499
5056
1698
5891
7541
5270
2693
4099
11555
12303
9716
13250
260
10070
8707
9003
1355
12110
5622
12461
8617
396
10694
9054
10929
223
9345
8746
326
10915
1542
5825
970
2748
11224
8019
8018
13426
11626
4080
10236
5849
2330
10497
426
10545
4007
1781
7654
9629
14242
778
10025
9443
9832
5462
9174
4176
13716
9009
14599
14766
14342
76
2514
10074
7603
10040
8499
3736
13629
3734
9585
466
13739
10012
10519
2746
11301
3172
12375
10051
3458
6908
4493
13290
12370
13176
1973
11085
7184
1079
10358
6525
1155
12872
1106
8266
7420
9605
12002
5556
12848
6094
5530
11094
1105
1048
13840
11915
4220
10723
6965
7678
2630
10966
5475
14508
9141
6956
10100
832
8035
5457
6866
8698
2837
7972
1963
10257
2577
13473
320
14933
4566
5850
11026
5180
6898
9374
2094
10626
5096
9059
2811
7726
5024
7794
7233
13674
14750
2332
14506
7784
7789
6371
989
10134
14344
2460
4898
1428
932
5218
1360
5006
10576
11894
10186
2473
6267
11788
12607
11363
5846
417
3596
10379
8211
10337
9052
7468
12177
8065
14760
4966
14437
748
14608
13288
2716
4506
14716
3648
9724
583
8163
5300
12477
2856
7281
3252
14645
4888
14615
5490
4813
2719
376
13025
13056
9428
5000
10233
2493
4760
14707
1437
5016
14314
14725
7733
3819
13948
10889
13052
14531
4051
3351
11515
6908
10140
14767
6552
27
13890
11550
4841
1608
11927
2373
14664
5862
7373
9404
7863
11641
9110
8808
1657
7932
8532
9390
11751
7479
5278
9802
6517
9330
12661
3032
745
7801
2798
6805
7336
1687
3354
12177
2803
14789
14058
1975
5651
5939
11379
13022
2579
4997
6830
4236
12929
14870
13626
9679
6857
3412
3989
13374
12250
1157
1405
12995
8958
3712
4799
802
4907
7661
12487
7711
7450
11545
9686
12609
2483
5572
10138
4570
10569
1967
8315
8497
1345
6448
2684
8202
9860
6181
6575
7109
7338
7489
4611
804
11201
9410
1606
615
1579
14093
8326
8537
10145
2519
5653
12136
7600
790
1706
3168
2266
10021
11174
3611
976
13366
11813
10837
4054
3387
2945
10900
10384
7065
11704
6584
982
12818
7200
2561
11419
33
11098
6563
2061
1750
3207
9661
2049
4913
12337
4315
14442
8018
7434
417
5891
4246
10762
9945
7141
13216
5353
2525
5280
1564
8617
6262
14383
324
8332
10309
14867
4429
1871
1927
5688
5078
11096
7245
9499
7940
11560
8448
466
3501
8374
5865
7747
3643
318
14396
1858
5671
1428
6646
7235
10046
12909
6125
9878
6240
1433
9744
10177
2813
11179
372
7399
7274
7617
1406
14723
3684
9854
14697
7185
2735
5561
14440
5887
5879
13836
7745
11550
263
14392
3785
9817
11808
9418
4695
2555
10852
14439
12240
13665
10618
12613
6063
2399
4737
7469
1629
8422
1831
1325
114
4074
6887
14555
9961
12274
12898
2214
8824
12669
1113
12117
7486
12921
6534
11689
14984
1893
11127
12223
557
6252
9343
6621
8160
14081
13598
9789
7502
428
10623
7124
4011
2017
6678
13972
14291
4575
1185
7622
2244
2298
4738
9238
14727
10781
5926
14710
12674
1560
11441
13232
7813
5783
4360
480
4863
2465
9777
11873
2402
5399
3997
6413
7416
10183
4892
6215
14267
6078
13837
1018
7884
3083
10256
7119
13864
689
6828
11537
2249
2776
9276
9570
8560
13144
10050
12931
117
4827
9312
2519
9734
13309
8440
1658
7999
13332
7873
7265
3917
6709
8283
11310
9792
3046
3428
8163
3735
9764
4208
5493
12541
13484
62
6100
11136
9621
3538
11253
13956
12850
13280
8197
10666
6719
9855
3665
5050
2727
10438
8476
8945
3721
4785
3244
6275
8213
10916
9519
2976
123
11
516
13115
14582
6124
8758
8710
9663
5010
7665
7020
3289
370
2686
9516
10225
6351
14567
12461
1788
8042
5913
5017
12827
8665
11293
5547
4580
5811
8523
4703
5330
9040
2326
4911
14672
11084
13130
9334
602
5302
1354
3399
5672
3548
12916
897
9899
11990
12866
11195
4539
3778
720
1873
12443
11521
7420
2023
1839
942
6234
7169
9490
8560
11588
9162
4644
9717
3003
5246
14528
3865
8645
5199
7413
6068
6096
2311
3057
3961
13015
7596
7247
13243
9469
4690
9763
1888
6221
11602
2339
12455
3278
11829
5523
14374
5498
10167
8599
8502
14921
8126
12367
8073
13325
4780
14142
3929
6599
2198
7398
4121
9303
14646
2363
3771
3843
12126
5168
10064
8235
7507
7518
11021
3843
13041
9903
9342
7715
3501
2843
7143
11135
14718
216
8967
4497
13866
12896
10605
571
4802
14726
9874
4447
2089
13154
7798
13723
2829
2861
6466
10336
9887
1994
13687
7436
11897
8028
150
14906
10379
6802
10548
9605
6526
4515
14102
5391
1918
9214
5470
6720
8940
14853
10675
10537
12514
3472
8767
342
5841
232
10186
728
1735
8872
8164
13140
1408
7822
13046
11295
14132
8101
5899
5657
12616
4509
10556
14535
13723
534
5762
7170
386
1437
2706
12900
4417
11474
13242
10259
11214
8427
10495
12949
1806
3658
11089
3214
10988
8642
14018
10120
1742
4916
284
14359
8933
10349
13401
7656
10883
4162
14334
11269
5107
2040
8676
9525
13514
6917
4291
9727
14852
14786
7676
1657
2951
3272
4380
13447
11914
3397
8074
13656
7821
8359
12522
1262
3215
10922
8426
14098
14593
7759
10366
4699
9799
3549
13732
7820
10466
3022
2547
9825
2315
9731
10990
5266
12511
369
3221
9424
3274
11295
7587
10604
4161
5109
11866
7376
538
4799
5981
130
12558
854
4338
7357
4403
3069
176
14377
5600
2231
9201
7915
11470
5191
12690
8980
5068
418
2911
7851
11713
10499
2962
382
115
14336
7266
653
4134
13248
292
1691
14102
4630
8556
3505
7207
8241
2881
12807
9980
11591
5230
6450
1781
2427
14938
6357
2845
2849
14208
14558
13348
1677
14448
13463
1012
6714
13624
5146
4469
13424
6346
3570
2561
14902
6583
9769
7650
9465
7083
2630
5563
11821
8588
6852
14248
8525
13209
2092
11374
11925
1158
9721
13602
605
7691
14615
6827
5823
4760
11296
4246
11106
14867
6316
10516
5957
1084
3165
14930
7675
5303
5492
4496
13891
12344
3251
7416
10553
5344
3789
6985
6502
13019
5586
6615
5217
5200
13443
10548
9469
9738
14795
5082
9112
6110
597
69
6702
3271
14999
13885
8574
5491
2888
7465
2834
6140
14389
12895
10992
3177
4879
2493
703
10466
9108
5429
173
7058
976
9150
1796
278
14233
10416
6388
14338
10485
12598
2116
9992
10991
10199
482
13879
2663
2824
4526
1559
227
517
4244
5106
3010
4948
79
11627
9885
14762
3684
10861
8911
4988
11140
7651
404
2035
6497
10397
14142
8121
5388
10132
3319
5378
8518
5490
7711
13045
7049
7938
13562
11294
13044
1080
749
12632
12215
10634
12393
406
6494
5811
5395
2141
12971
5307
4177
4467
703
2826
12588
5600
12958
415
10978
5983
5905
3688
4027
12955
11626
2097
9248
9178
3177
9997
6809
14900
5138
3709
305
11632
9520
5208
13282
7490
10515
1966
11465
10727
4792
8561
1326
2257
8976
11812
8240
14389
500
12268
12343
11634
13873
6098
5319
1557
602
11636
1456
5740
344
1761
1880
9373
6970
161
1370
1992
2127
12344
12719
6919
5904
14045
9176
14388
10365
1923
13776
10865
13699
10627
7006
12571
1724
11834
14128
2327
8469
91
7575
8322
1361
9455
2202
7839
9616
3080
9831
11251
423
7058
3169
5835
5610
11853
5222
974
13285
3506
11347
11983
14133
3353
9554
364
186
8189
2199
8163
7789
9775
1484
9150
3737
3194
1988
12862
6275
11327
9112
6698
3384
11790
12042
8995
8150
1771
9969
6434
5277
6316
3417
3917
9177
12479
4282
8871
5175
6481
1541
12964
1255
2534
6621
4993
5728
8117
2362
12003
4444
11474
3209
7336
8263
250
838
921
1529
10808
7355
6807
1631
10280
10232
10316
7758
14514
3694
12442
5995
5235
10405
6758
7769
1534
11259
13498
9651
13621
10008
13603
9603
13217
5939
2373
12975
6777
3294
14013
2092
10650
5327
3231
5437
558
13547
12704
72
2240
10145
5575
6984
5057
11841
14753
6591
8100
12758
1242
6228
7766
14845
830
5490
5291
3204
2973
12069
6498
1985
13669
1655
7312
1900
6601
7870
446
4304
7450
2195
14449
13025
9179
4505
9374
8439
10605
2473
6197
11355
8701
13963
10707
9040
4452
998
12244
7425
12575
3249
8918
11243
4413
1229
12651
11014
8608
12606
14826
1057
14801
14274
13591
8487
3286
7964
1925
13399
9945
8122
9753
3153
6592
5460
11701
11045
6458
8944
2977
3540
11702
11404
14291
622
12633
11942
11144
5748
9547
10969
6314
8855
9750
4904
2341
13036
12376
3774
11435
6828
11897
5695
9489
3488
11155
6190
14041
2120
14642
1526
5660
11343
12930
4459
11473
10070
1400
7616
818
10947
3092
7132
4801
12842
11544
6650
10878
8427
10424
6820
14763
6828
12515
9251
9825
8178
440
8373
9806
82
9899
14975
10933
7336
4433
7406
1914
5833
14530
2732
1287
2622
9372
5596
14972
5423
12246
10849
13358
7177
2176
13120
14006
14200
7370
8830
6885
7319
1710
1690
7401
11118
1664
2841
3453
5605
9755
5367
10946
9285
7607
12233
11415
1486
2828
11386
6909
14582
6743
5266
6759
8427
2893
5272
7134
10264
13610
14019
2582
319
217
9491
11437
1389
12332
14399
6995
7087
4273
2940
879
11389
173
11802
12875
2509
7695
4292
1599
14438
9066
8358
7373
11960
13138
14507
6731
11747
13526
8821
11574
13743
3311
8011
131
150
6917
6634
6745
11190
9575
7132
7086
9256
3441
4961
11273
11137
8761
12872
10082
2826
6229
2454
14786
4366
1961
6024
620
14995
14845
12195
13245
2663
4713
12884
2322
11630
4518
9067
7327
13601
707
14414
7856
4148
3882
4128
14793
12643
1508
9875
468
7737
11837
14763
11612
13306
5786
11740
13300
5631
8934
11052
8294
13155
8936
10616
9292
12962
4191
1619
11070
4406
540
3433
8062
4422
7561
7855
2064
8577
2237
2040
1314
14074
1802
12434
12380
7589
8681
10187
13220
2123
6239
6021
277
14683
1145
9570
12152
4844
10697
8221
8758
11237
11654
1819
658
3722
9182
2230
12300
11419
4270
13122
10493
6073
10063
7872
13170
3743
3058
10897
5866
8805
1917
5652
8487
2570
221
5146
6922
10918
13367
679
6662
10020
2499
7320
13743
11681
9058
10550
8100
13328
8671
3100
4400
3733
10480
2569
7476
13046
12974
12851
6851
14892
3502
14846
1969
3723
4992
8892
14149
3358
9571
5810
12887
11578
12638
11137
8259
6695
6686
866
4530
356
3474
8439
3597
13954
10516
10581
11999
8490
8431
3357
8381
11933
3203
9858
163
7703
3749
13820
11061
13321
4137
8455
9406
1774
4591
2664
7977
11277
3038
12508
11141
6512
5946
14738
5465
969
10319
1972
9459
3749
5329
2347
190
8532
12206
14862
1234
954
13682
11804
13783
2818
5258
8189
4101
9358
10361
12078
5634
12908
9093
1283
4419
14547
1020
9393
516
10847
11365
9975
14105
1693
12323
14295
9734
9528
14156
10476
9990
12345
6787
8281
163
11554
977
4264
5911
11338
849
11053
9245
9451
12336
13173
8997
12865
7565
9021
8711
3437
3996
7815
4638
826
6617
14372
9862
5281
9356
4851
2625
1142
12640
2296
12204
13617
6068
3114
9955
6918
14168
3707
876
11011
1879
9873
8875
8952
3402
2094
12389
6906
9417
2027
7732
542
906
2593
5823
10262
6952
7956
10913
4100
10253
8116
2716
1320
11231
12671
7746
9906
886
8622
5916
2765
3003
14300
11226
6405
1393
8614
13311
10810
10641
5550
11352
11548
7651
1682
6317
14111
9639
2229
3210
4399
9854
5927
5227
6084
3105
12482
497
3991
6103
5921
6265
8614
5220
2490
18
6613
10612
12837
1931
5761
3386
12791
1816
11037
14474
8133
10148
8620
9871
13358
12527
4724
4284
2753
10316
6898
234
10813
10889
5846
1241
1661
14460
6462
3659
13987
12583
14272
11823
14022
5032
209
11813
6848
10754
10794
14489
5409
4413
8867
3767
1447
13591
7559
4200
8414
14457
3943
3734
9854
9789
4976
11023
8756
11438
14683
7742
8528
13462
4073
7550
3493
3790
4362
9849
14544
14664
8845
4953
4076
2712
8228
5031
810
294
9231
9225
14752
12682
12467
9113
6978
2442
5135
242
13388
4325
7984
6916
2786
11565
13974
5787
354
3335
143
14407
2998
8989
3867
6582
11209
12095
11613
11527
12389
5351
5259
11648
2541
2726
5268
9519
4676
10404
9269
3064
14729
2253
9488
2023
13326
8461
7810
13681
11304
7954
12595
13810
1450
1461
4899
12167
13064
1019
8693
9960
5878
13953
6608
8419
1678
11384
2446
5862
6787
11715
8926
6024
13476
2921
8047
11802
10890
364
9990
7193
8318
7092
5510
9276
8553
10409
6442
6124
11428
135
1083
2306
13596
7199
10725
14782
3583
12679
5643
9878
9394
14078
409
7377
1998
8456
4178
12397
8329
13676
4589
1154
5767
9608
10431
13828
5016
1380
4951
1444
1023
5543
3258
14619
12250
13491
13908
832
11170
4551
10219
5071
3628
10628
12448
5134
3592
1134
2530
11921
14318
6628
12583
5085
1235
8013
3912
6251
9394
8372
7203
9925
13915
9969
9544
10672
8460
8451
11013
4137
12510
6231
9208
1137
1366
6163
5780
4466
6805
8310
894
6123
14938
13478
10716
680
6490
14136
6932
391
7507
13643
10317
5929
8612
4368
1601
1579
12327
12614
5716
9837
3352
14432
10482
4718
5102
769
9185
11908
9080
10079
2538
8525
8556
13254
9206
14555
11897
645
14454
3912
13796
9278
9841
6915
13646
10950
8494
10481
8071
14210
5317
10931
13641
306
157
3251
1076
8850
14667
9664
3436
2204
2696
11993
14966
11410
11055
11862
11563
10016
773
10359
4294
10123
2273
2939
5580
10768
12928
13160
9485
2752
9090
7634
3059
8755
10885
3643
2604
10551
13307
6041
12755
510
2541
12228
11921
13596
8597
8483
8611
9371
3841
12905
4001
5623
352
9089
898
12788
7248
10383
540
846
3016
3107
9601
13409
6750
12206
8959
4564
2754
6221
5074
5295
3448
1994
3890
11554
9986
12009
5432
13335
9422
9433
3957
9282
3029
4855
7069
10278
14747
7117
10632
2270
10224
4740
679
1973
1453
9638
6045
4207
367
10628
9502
3323
12622
12900
14877
7115
9417
5308
5450
3838
14249
9407
12628
2278
13771
4204
12064
13517
11322
7695
786
6545
12435
1465
8027
13397
10612
14072
2603
10979
9699
12106
13810
6829
10005
13687
13944
4421
3994
3901
7767
2751
13309
4902
5029
11587
9107
2092
10103
4936
9295
10397
11481
6237
11371
4015
4633
6490
2595
7237
1976
11802
3850
785
3138
13855
14472
2082
2784
2974
5983
10059
5725
3799
14962
10262
385
8576
11862
9996
13512
6156
4901
9500
12393
1271
13024
1534
7761
618
8279
9245
12420
12129
10030
558
10491
9010
2148
12783
11492
7639
7842
1724
10947
7311
11986
10840
394
8847
5836
13414
14511
10737
7421
11411
11516
5444
12945
3784
6062
6223
13029
2990
2859
7566
3056
13351
1575
4712
11133
13067
11859
3482
14299
7805
10793
11284
3645
11187
4638
8989
9108
4148
4233
1529
67
748
6973
13012
4532
12544
3743
2068
41
6602
9634
3097
4460
10718
7317
593
8292
4175
4075
7591
11981
14377
3382
133
10071
7529
8630
4179
11185
12863
5708
11252
13119
12681
8772
2158
10224
12515
4226
10265
3624
13368
12870
8085
9085
5186
8678
2377
8870
12261
9476
5850
11637
12858
5491
6708
5386
14121
10395
1571
11491
1102
12823
9609
13783
6102
11767
8515
3616
992
3287
6749
13868
665
14834
7953
5359
8019
10330
14229
4787
4805
4586
1424
2170
10077
7640
7557
8705
3034
8636
5195
3644
5966
14312
1934
12069
11078
10449
192
11578
13245
6941
10446
13910
6774
2906
3776
14301
13236
3005
4088
2548
7591
5020
4226
2176
12168
11291
10881
14710
4926
584
3353
10401
14404
4795
6977
10482
244
7169
6567
12997
14111
1520
11414
5392
4426
189
4201
2169
3194
7797
4225
10786
12817
8452
12470
9492
4742
7858
9201
9177
7950
12062
4577
7354
1856
11554
2343
1608
3230
8910
14113
2340
10431
10526
7241
14857
10716
10950
1534
13418
3746
5759
8711
1562
14211
6180
10562
3953
14039
4270
12638
6988
839
2214
14342
2203
13276
1684
3812
1505
10103
2924
3354
5041
12959
10103
4405
8182
6052
5939
6599
9798
11699
310
10868
10909
5998
6429
14370
4544
10207
12007
11533
11046
13729
10382
13249
12004
11575
1568
13018
6185
4493
879
11226
1959
10982
630
10141
1541
6570
1739
10847
3268
1557
6714
13685
7556
12651
13055
11608
7857
10061
8140
3410
8790
3030
1658
5301
14113
3227
2826
5297
7228
3705
1030
9187
14195
1660
3835
735
7738
5574
11582
10514
6640
2803
9199
13704
14962
7253
10311
7326
1821
2959
10736
10119
5497
11903
14929
4609
129
2754
9414
6865
5968
10444
1051
5162
11612
4886
5898
3858
9968
1987
14372
1115
4299
8570
14819
4260
330
9638
11587
1660
12597
6830
11779
3093
3732
11215
7210
3369
13970
1131
10234
4937
11083
10793
9607
7202
186
504
11060
10155
2000
10432
11270
6299
3509
10597
10067
3840
5234
6161
5500
2338
12500
1786
4939
1231
13002
12149
4601
11479
13280
14343
923
8870
10136
10530
1071
10322
10543
12132
4984
12051
7071
762
2857
10580
11359
12924
14420
1100
3593
4427
3438
1092
5722
8377
1831
3231
5033
6432
14710
2820
5283
632
11690
418
10670
12761
10740
6212
9400
232
2770
1470
994
5627
12051
12353
3551
10978
13453
6652
14914
1398
7744
5635
9775
9575
8866
14316
515
8083
2135
5798
8223
13333
5724
3892
11093
971
9613
5001
1203
12383
6471
2197
3010
3521
14058
6069
14008
12018
12721
13921
13416
4972
4555
7698
14055
12929
7013
14078
6011
8656
4383
14234
6988
10107
3125
2589
10587
12246
7590
11790
9629
14061
13496
12147
2090
12553
2723
1097
9571
443
17
7986
4923
4080
192
3977
2008
7205
3055
8019
369
7438
7252
7357
2053
9885
9454
12640
7131
2043
9429
1267
612
7924
13414
2702
4985
644
3799
14556
595
3324
7049
5518
7404
7241
9003
9412
13955
12058
1938
14324
4004
9190
6188
5565
3582
642
3204
10713
2685
12141
11488
3297
4573
9409
5507
9558
10053
8814
8621
10648
12138
669
1165
4049
7911
9677
12969
6373
6242
14907
5696
10246
8604
11392
810
12187
12034
3522
7407
14228
663
3403
2032
5236
12812
7540
14302
7865
861
7922
3020
13000
8591
3694
1556
1009
13371
14034
7382
4612
13940
12586
14367
7052
8978
14685
3746
5519
3207
10661
4746
3870
14064
6779
8614
11876
13827
7915
4248
14196
836
7268
11703
9427
10470
13260
9945
8840
12293
2326
12961
10740
14421
12327
2791
8398
12011
6045
13917
217
1706
3171
3595
769
9458
12209
12153
7792
4631
1400
6987
5467
8177
3690
14403
3646
1949
9347
11995
13750
11181
9955
9489
10109
6789
11789
3506
3799
2833
1931
3525
4539
5102
6628
4817
14068
3345
1969
6859
7976
2878
13846
12952
10563
2535
12354
13717
3992
6208
10711
2741
1896
5173
11739
12006
11962
8527
19
269
10868
1950
3794
14916
6560
10422
4732
5627
13767
6209
12486
6251
9087
10840
4202
4649
13375
1555
2874
1875
7271
13585
4616
8675
3266
862
5680
227
9389
5208
496
5257
6666
3798
5172
13227
14221
9412
3361
12495
620
355
3745
9708
11195
7947
13865
9077
9010
1246
10952
788
14832
76
8972
3097
938
14160
2832
10328
4367
2837
92
11034
6635
4772
8768
5855
14184
12129
2858
14312
12484
6111
8527
8678
13567
6900
2755
7084
8146
13707
7381
7977
13291
1352
10582
14230
511
12923
9065
4879
759
9157
912
7394
13437
9680
12758
12128
6316
123
11439
3800
6234
4966
11986
4800
11866
14741
11393
5011
12956
3773
12497
11246
5125
7586
9983
5636
5508
4047
10023
5775
13204
10443
13170
11148
4630
10435
8275
10947
10558
4714
14747
1299
9680
11240
5608
6545
10981
2000
11064
8444
5773
8560
4197
10406
654
14181
549
6162
3227
10573
11446
939
6015
9615
12087
10646
4557
5362
6100
14623
10076
5354
921
4263
1593
6529
10316
12082
8037
6379
5525
13810
14448
9231
8723
101
8411
9273
5771
11146
4845
2216
12085
10368
11339
8680
5521
895
13550
11621
517
8133
1974
947
12396
3568
7476
7219
649
21
13598
5683
13339
12553
14914
7062
12654
7832
1334
2933
3977
5687
5149
570
1054
1488
9250
6084
1891
7799
2704
1917
439
4187
2864
12835
7263
9848
4561
7420
9869
3158
13103
8208
219
12524
269
12381
5355
1111
313
8841
6798
5463
9411
7360
6459
3168
13444
8350
10475
656
9775
10914
4843
12639
8256
12106
7487
12817
4525
1863
482
2136
10071
701
14660
9848
12591
4523
10959
12904
13364
2264
2874
7282
9625
8841
9958
7576
1699
5432
8232
11474
853
12583
9113
9109
9196
1107
6433
13722
2970
6915
365
13042
7125
14533
7889
4715
3563
3356
2126
1434
5620
5001
8716
14753
13350
3673
7329
48
8613
68
11523
9466
12652
5143
3082
6847
6250
9515
5076
9220
1430
4949
6769
8063
4482
14167
12778
7553
2522
14904
8988
8142
4412
2211
7895
2762
5885
223
2318
14006
14800
13841
8472
11959
3491
11062
3314
9741
5577
8390
3469
6515
12848
9746
14578
1837
8912
11863
9390
11434
11766
3377
4576
686
5589
12471
2956
10982
12202
5274
9987
11509
3623
2966
8468
7114
13537
11782
1363
4113
4679
4340
10628
2526
14086
9713
4363
7998
6575
13262
4431
3340
1638
8515
3534
6735
5493
6490
2224
2202
11273
11720
13712
14896
14686
7179
6517
13222
3960
7388
1842
8147
11728
11978
10674
10814
6690
14545
3319
13265
12806
7750
1113
13953
773
4155
5195
6266
10646
7420
8469
6426
4139
7180
6321
3332
13867
12346
1062
2334
4734
2904
10481
969
14883
5662
11783
6080
5207
14610
3853
2520
7360
4966
980
7641
9121
6176
13907
4274
13596
6883
10700
2734
14063
1528
6066
12437
13383
7128
14771
3116
9541
10252
4085
8931
421
376
10
5628
14986
3863
7657
6853
8337
8637
14494
1966
14321
12909
6240
12916
4791
1448
157
3362
2484
5732
798
866
12368
569
3982
6908
10329
7576
838
10750
7460
357
886
6953
3728
8543
13807
12066
1687
12808
14032
1008
10716
4779
13432
15
5735
13590
3377
8220
4321
4175
9086
1688
4252
12577
8105
14581
4660
8451
9839
12120
8316
10725
4072
12045
3775
2386
8618
4970
194
7157
5978
10418
11444
3918
10433
2179
2015
13318
10399
6336
2001
3992
7532
6253
1568
144
5834
6228
8104
672
2855
1419
10905
6928
13464
14680
8822
6589
4649
8524
13746
10136
3942
10190
13562
13883
12369
576
11709
7275
6420
13710
11267
13460
4962
12344
13605
10304
3079
6708
10484
5935
7635
6388
12371
6099
5575
6192
12196
9733
14717
10942
4376
3166
6131
2937
1556
3007
3021
13265
9790
9441
11974
6056
7408
1444
2907
6012
11748
5987
12228
6740
11922
4863
13128
9292
10470
3211
14992
7665
12452
14708
3114
1827
2381
8753
4272
3938
11268
6801
2202
6057
1241
13685
11622
8649
128
14529
14170
11384
5023
10905
3123
1944
275
759
10744
10253
3970
10736
2426
929
9951
5540
2264
12333
13802
6536
778
10069
12845
2980
1126
14086
1172
12748
7242
808
11784
5919
12193
1807
1824
315
3259
1607
582
14004
11861
4060
9247
14287
4989
3705
4334
7253
545
3135
13297
1323
13205
11141
3812
14331
9734
4984
11586
1484
5793
7877
7403
2493
9684
8735
2316
12452
10343
2899
11455
6711
6959
5209
5997
11457
8914
10331
3709
9460
12975
1514
10783
11179
12655
14103
10017
6897
4087
6110
8381
9388
13987
291
11881
8179
9027
14197
5138
3877
2095
1592
10588
8563
6309
1092
5019
14731
10931
8236
8698
8905
9750
3989
4591
6913
3091
14116
13810
7178
5225
6698
1565
3720
6989
12954
11407
523
12151
1544
3908
14246
2644
14004
7808
8461
95
12335
8191
10535
5571
1889
4439
320
5386
8539
6741
8477
7654
5550
163
12388
11756
1236
1107
3253
14191
12022
3776
11341
13566
7193
10094
717
6196
2410
9178
5800
14745
2368
1334
4823
3765
5281
5144
9151
13820
11885
2628
5982
1943
2299
3369
13207
3535
3984
1459
2725
1005
4744
13574
14571
11937
8668
287
2640
11078
9465
8440
10330
11341
9774
153
106
55
4805
8765
13383
1197
10901
4364
2648
13200
7241
855
1735
11225
1822
3968
12230
6566
2542
11308
3010
11210
11103
5651
6795
5075
13599
1632
1416
8373
1785
1030
7936
6098
9795
5826
7296
5696
9699
9452
3403
1939
10307
5138
13165
12130
9107
10394
3203
11649
6702
5722
7366
2312
11373
14161
7388
9971
300
8804
2851
1594
9834
10295
7692
4136
629
14496
9340
10328
8948
12744
11775
3762
2389
9939
399
11496
4841
3603
7652
11051
9325
17
13363
5205
13686
5750
14684
13495
14554
2043
88
8895
11846
7780
12540
12475
6784
6387
7310
239
4130
4085
4001
6028
14024
4401
2523
3372
7512
9684
14423
1344
9209
12786
6057
7403
3043
5248
5897
2105
7291
5985
10508
3645
13273
8047
627
4564
14435
7938
4803
3072
12023
8805
9100
10554
12714
11132
13435
4733
5323
12857
5585
14532
10150
11150
6442
13194
1397
11847
14807
8197
2339
10314
11842
612
2869
11977
4684
1811
4914
9488
4883
1444
2800
13492
11507
513
9131
9941
4754
14454
7305
10339
13493
2455
6488
4935
156
7393
1781
14963
589
4121
9784
11939
4241
12653
8916
8925
14464
13338
2920
4347
14783
5720
2346
10797
6233
11477
5737
10495
10438
13042
5833
8930
4
11829
13373
14669
4222
154
14139
4319
3783
8923
1258
7532
6575
9682
1456
5547
8019
3885
9402
7801
9605
11748
3597
346
7732
8842
10841
3169
6392
1182
11607
5904
13011
9980
5573
1740
9642
4219
5568
13425
13142
6826
5956
4225
1015
6920
9772
9034
10805
4173
1343
5410
428
4448
5264
8160
13291
1104
10837
4190
1794
7443
10094
14314
2422
666
1053
12064
4886
6621
10488
2535
12955
951
6268
13970
7380
1039
7512
2692
4720
8855
7610
5148
13303
12874
12816
11101
13979
8652
290
772
1095
10385
85
3517
10559
647
89
14953
6776
10085
1996
4239
11037
8264
2716
2924
9304
10228
5616
13532
3590
13227
3188
1893
11100
1003
12502
9586
9164
12793
9867
10259
8177
9952
13284
3243
10107
13373
3196
1391
7966
5192
5630
4002
13456
8346
6434
7267
3082
12050
5307
6672
10276
8495
8073
6376
9006
5575
961
3169
2875
10828
13428
10560
5288
11220
13803
14903
9100
1506
1293
2065
6206
6923
5575
4170
14778
12009
11437
2859
9059
1251
9039
3842
9746
2112
10218
3752
7195
10688
6921
9578
6023
4857
5137
10819
584
3939
10722
9684
4954
12015
11258
11160
3446
1832
329
2731
13350
11275
5590
6916
12526
14137
10758
7272
756
5976
10532
7459
1171
1960
2036
7194
6817
7173
2521
7401
10621
13243
1593
574
9765
12851
11242
12719
14683
11572
449
12540
7354
5547
4455
4879
4192
213
11659
4948
5697
6698
12408
6868
8659
14444
13570
475
6125
1090
7385
1253
13841
8978
1827
8114
6828
12577
5340
6018
8656
5790
3558
1009
10845
7521
5889
36
7734
2055
4493
13431
8754
1900
4806
2412
851
3376
2395
6484
3974
9780
7737
2323
3265
9072
9945
10093
6649
284
619
304
5582
3685
1314
1427
11206
6711
971
3940
8274
5464
1878
2027
6872
6685
3947
7232
9569
6343
13716
13051
630
6453
373
3896
32
9826
13989
6681
10111
14116
6494
692
2800
7316
1627
14007
14027
2599
2454
7300
7571
4332
8836
14444
11017
12783
6183
5585
4125
4898
3636
4756
10859
3517
8160
10400
13344
7148
2080
7962
5772
8082
8654
8572
397
9790
7086
14424
11897
9540
6232
3975
13873
14576
2926
9397
12358
9109
14491
991
13516
3126
5255
9374
6151
13415
4281
4002
5070
6362
11964
10842
14444
5126
3922
14350
14916
11008
13773
11320
5548
4512
294
3928
4087
3221
13325
953
12330
12815
1944
10845
448
6707
4727
6108
5121
9008
10110
9699
14878
7074
5541
13830
11708
8971
13179
11131
4978
11459
7450
10034
479
7252
13962
4074
10473
12287
5027
7311
9609
6479
2663
10058
13186
6898
1165
2814
414
10783
12514
14800
2364
2562
13629
14072
11533
11315
10202
1018
7282
2159
11053
7269
8920
10014
11343
4392
6808
1370
11211
1417
7357
13383
10983
5543
5280
11656
7865
5202
6946
5378
5002
9311
7448
3138
7890
3488
13962
2600
4507
6243
4759
559
13512
13679
10081
9362
2579
1397
10732
13298
2814
3089
11680
13305
8140
1468
9468
1004
6670
1413
5891
11672
10724
12847
14811
3614
1335
13772
6214
5350
4522
10481
5417
2541
8668
497
11903
10755
1402
7143
9052
4216
9740
5732
2028
2387
7200
11496
3391
13870
12910
8790
10050
8633
6637
9368
11755
7480
7647
2476
12830
12169
12958
3246
14218
6133
3251
11120
1887
4654
2770
10939
8378
12510
1178
10407
14405
7886
6410
2796
6264
4319
11094
1313
12461
2238
10189
8723
9718
2835
11200
7547
14512
8665
10301
13729
14798
13061
9356
1192
2222
11635
11639
10108
8652
12818
5022
8057
5703
11433
10361
11475
259
6454
12296
12720
8693
7484
5951
3410
10319
2150
10466
9830
10323
5274
8066
10120
2842
1930
11312
5064
13565
7950
14681
6724
5275
4702
14781
10487
1134
10141
6961
902
1595
4257
13130
9796
11741
4080
13206
6568
6230
8179
905
1060
12962
8480
11180
803
9918
6999
5376
7990
14458
5056
14714
4240
9758
14495
14727
10401
9635
6196
10811
10738
9961
8940
5533
6209
13021
3247
12285
3758
10934
13191
4819
8895
6178
506
9699
1095
7014
74
9085
6471
4638
8798
10219
13904
8292
9454
9304
2435
649
5114
13173
10118
13563
3214
1326
11583
5969
13120
14849
1902
11310
4667
10798
2487
4682
5496
3582
11696
5078
12667
2674
9224
5972
12893
8127
14265
7346
1939
1207
7503
6561
13888
2128
5123
2101
2963
1213
8070
1082
1062
9973
11900
5237
5278
14387
9919
10282
2476
6614
359
14651
8796
9091
5622
6689
2217
4394
13543
3664
5601
5554
10226
4489
7190
14857
6590
10153
1070
14169
11235
1640
8649
8134
6877
13927
7028
1796
9208
9012
7918
9075
8662
1714
3165
14285
7911
4890
3186
5961
8555
8788
11023
3288
13277
3213
3144
4374
13366
3722
3050
9109
5362
11699
1750
12240
10625
8287
13544
4832
2298
5969
13415
10961
7191
1579
9753
101
6470
12939
5571
14533
6234
1593
2820
4018
4806
5964
7901
2680
9687
10951
11297
14557
7158
13047
11796
2290
6333
9847
7123
8140
816
5045
4100
8007
6625
13361
7617
12603
10807
13188
12135
2041
14289
14955
5567
3603
5426
13468
5791
14621
8927
2087
14178
1084
14642
10481
3374
5483
5328
10005
13623
5652
50
2230
13167
6183
590
5783
3785
10905
3478
427
12946
2767
381
3021
5878
5315
1488
11669
4936
10415
13756
3621
11007
12905
13610
14382
3387
3937
8894
1517
9097
8944
3747
7264
126
3845
12555
3419
14751
1033
3846
12204
3308
3735
224
9186
9051
1713
5362
13495
11636
4117
1623
7643
1529
232
6532
4917
3678
425
6434
12775
8878
10182
4546
8512
13535
2101
11932
13285
2642
285
10489
5950
4021
10221
14644
12580
11442
5005
10582
8078
8630
12205
228
10159
12437
6760
14584
622
6693
6018
12906
570
707
2451
9083
13750
4060
5522
12035
6702
5807
7031
12160
9828
2251
11311
6915
13694
823
2496
6279
8961
14701
6507
4120
11646
12775
3211
11776
4467
9229
9681
5038
9444
11641
13629
8194
700
4150
4736
6911
9957
11275
3578
4293
13526
14398
10716
11727
220
13213
2513
9182
12421
9020
12810
8574
6302
1020
5350
10770
9758
30
315
3709
11179
13944
11411
11388
3093
654
3298
12558
11929
6384
1358
9963
5781
12075
6689
5510
10287
9203
14200
7215
2730
12009
789
9033
12537
6139
4802
7294
5677
4625
10512
1856
3568
6922
12752
6169
7577
1049
3234
4505
6941
4593
13976
12231
1175
5665
2248
10970
14376
1447
3184
2105
12964
3481
10646
10500
9620
14956
2302
14806
4580
12814
1169
8148
4243
13921
13825
11328
14478
2059
341
5926
6160
14317
3156
7335
4981
5404
3304
3864
6851
5996
5970
4322
9478
1123
14823
3605
1079
2124
3410
5659
14446
4087
13316
3196
3007
12140
14525
1992
13707
14866
7919
4866
14182
11075
12201
3671
987
12
7535
7346
5517
13013
11669
14995
14137
11491
3599
215
13123
6518
5382
12076
10605
3697
271
13121
837
14796
112
14544
14169
8031
4410
12859
3614
1118
1529
4601
639
8572
11947
6156
6093
8123
5658
4737
4121
8765
4952
1751
282
9842
13827
10396
13540
13607
8516
14377
13402
8136
13428
12079
675
2345
9937
4289
2972
11466
8398
3611
4545
4852
9275
10638
12976
14933
374
2096
8697
4834
3848
8488
14677
2674
3883
13216
788
11907
12100
13699
4550
10527
10777
5225
12381
5713
9022
352
1686
2419
3963
5739
7272
12746
1377
5247
12678
1259
6851
5882
6094
10699
14370
5278
12882
2760
3001
13670
14175
100
12368
3725
10135
7652
8458
7515
13365
2480
7867
14559
4899
11338
5298
11679
9083
6675
1925
6760
7442
8777
12151
13536
3983
11520
3321
1864
13789
6322
42
12963
5930
11918
1195
1065
4570
9654
8088
2442
12134
955
2001
1540
11801
7299
13220
5884
13482
14653
12152
5923
7937
9302
3967
11921
5330
7288
13293
3626
13119
12843
1096
4048
9761
2292
4621
14331
11946
12710
1772
8587
13173
3281
10127
9973
10580
7854
364
8569
7507
12517
14001
443
6326
2967
12364
11164
9763
10165
14298
7881
8007
394
11438
2767
2686
1058
1605
14140
13768
3378
7726
11940
6659
2360
6421
1747
10215
6785
10316
2721
3809
8824
3164
9644
11791
36
5315
6062
10201
4613
13451
3207
5007
9888
5975
7201
10947
7088
6340
9222
10466
14066
5670
1633
1425
12091
2888
11148
3875
12712
13869
7193
6536
1541
1836
2834
1577
7151
8896
11778
11764
6855
14493
1278
1742
4975
8479
12197
12064
14819
5927
7037
13392
11597
8670
14326
8687
11066
10473
12070
8778
8850
3770
313
10391
5606
3147
11968
12266
11552
8253
9029
3406
7253
9816
4656
12229
3294
1361
8800
2621
7288
836
1012
3884
9015
14846
12079
5080
9827
8656
13366
3676
12427
13679
14067
2540
1334
10542
14806
12886
3302
8343
799
10555
3158
5455
7291
5960
6324
598
8581
13612
943
9102
2003
9958
8947
13590
14546
3773
7246
12912
7449
4180
11590
6023
6228
12432
1564
6034
9825
4374
13885
10624
14438
1550
587
6236
7510
6911
6835
1091
5523
7778
10193
7034
2243
4139
5624
1788
7421
12378
14208
14870
1065
10306
5401
7293
7737
6965
12835
2562
10848
11227
13186
10285
12777
13281
1028
5287
5192
7371
6378
10223
148
1078
2256
1899
5217
7388
3688
12146
4273
2895
12016
5338
12709
2416
12140
5446
8889
9974
8008
4244
5709
5701
14037
3485
3490
65
8772
8682
7436
14658
3412
7093
735
5176
8992
5461
12565
12188
2606
1837
14592
14622
6684
12300
1545
3823
2745
9943
13305
10261
14187
4013
470
13224
7499
3960
13289
778
12150
5232
436
69
12325
1171
5245
6317
6632
2317
3012
9239
3663
2603
8368
10347
14904
9422
14170
2156
4364
11982
12418
3550
503
12396
1773
8002
863
14570
8288
13013
4802
8724
13082
1634
9404
2834
7459
1035
5152
10472
9782
8815
13075
3150
4161
12486
12080
2838
14643
1443
14328
11568
4993
14831
8963
6275
7340
9826
5352
628
7346
9662
9352
4935
10805
3263
7769
3263
4299
12921
13735
13589
6735
11318
1246
10404
8803
13326
12750
7953
14769
12078
4028
4270
11908
12991
10053
4248
7324
404
4876
14178
9575
13736
4112
5379
1999
11390
8642
5806
9310
6885
4394
553
2710
5149
10465
11021
3474
8215
3974
3243
5292
8002
7021
2199
5501
2073
5955
12333
1985
10339
11019
11560
9075
14639
1446
10582
11028
9597
1387
4846
1481
5289
4907
4191
10438
371
211
13421
8094
3693
1171
12894
11204
8192
14602
1212
9773
5556
13545
11758
895
9563
7826
9478
8710
8780
5059
4737
3376
5954
9583
4857
10751
13998
8556
6189
14370
8276
4117
6971
11969
5288
4865
8172
13480
4466
9384
8252
10022
7437
4517
10425
1507
11851
4902
10217
5631
9469
14463
9007
422
8553
13373
11174
7551
6928
1870
6428
14712
5987
13399
11681
10783
3263
4360
9262
7729
13253
2021
2259
5197
6538
12684
6212
3389
2586
937
8528
12055
399
2534
11986
8952
414
7667
1502
6851
9045
7930
6562
14540
5837
2750
10322
9100
7111
4583
1337
4871
6112
3596
9576
12650
787
787
546
2881
1724
9074
14937
1631
11117
11430
10584
11531
4096
11594
3381
12649
4032
9452
12188
9869
12202
7509
3476
3820
11600
4813
8691
2711
7917
2774
14869
8705
3070
14924
11094
4794
8997
11030
6426
4621
6967
1517
660
10571
13111
3549
8219
2142
13001
5406
11519
10203
12423
14996
14023
9022
4316
7222
11241
11742
9996
11110
5446
12574
11033
1047
2368
4537
12078
8302
8667
3552
9819
9327
14124
7437
12384
7342
9580
10385
12257
5606
5587
9679
5601
4117
3209
9918
11339
13958
6659
5843
9575
11613
3416
5607
12660
5292
9653
9245
13102
2827
12798
7920
11662
11429
14866
9045
3770
8953
4429
1026
14559
9524
10706
5160
13150
13423
14586
8996
12380
5752
14839
6955
1872
2763
12070
14040
7563
6230
8285
5665
9057
5590
13093
5718
2018
12466
14272
5296
6418
3208
6323
5977
12733
1536
11137
10882
14467
10230
4877
11846
981
4224
3308
2361
6495
378
1400
13566
6116
9193
3738
173
14783
1339
5399
1308
13805
4178
6113
5223
7387
12436
11200
4627
13480
6844
16
12454
1581
4401
9299
2070
8625
12116
4431
14628
12494
5831
12702
3609
24
1439
3290
14315
2778
8198
131
1091
12376
6244
6314
4270
3187
2021
8897
1666
8865
8913
14120
10446
13315
7926
12024
6447
5041
1454
5583
2042
7285
3284
5160
6817
4231
8450
5640
7010
1155
5771
8101
13040
12015
13923
2309
201
943
11207
1375
9316
4627
2
4269
2941
7928
1292
8897
12478
2746
14480
14520
9539
2763
4679
1356
6502
12638
6996
13020
13301
12275
5628
11340
9289
4550
13650
8998
5493
9364
10373
14809
13991
10375
4077
1932
2810
4877
10337
287
7623
9816
14316
2162
12087
3994
3026
3588
1139
9530
1608
14441
6804
7236
10780
1092
11295
8937
10090
1295
3300
4970
1104
2291
344
4689
3731
3154
9567
14068
2950
1697
8391
2265
3859
5477
5767
6393
8573
6907
922
9689
5855
7726
1925
1634
8326
12728
10080
2923
14023
13380
7893
14635
178
7745
4324
3417
10408
13399
2484
13358
14604
10383
130
2971
859
5897
9364
8941
12312
9795
3629
3166
2028
5062
4309
10355
2789
14389
12786
1812
12276
5187
1446
12455
12440
5278
871
7847
3184
2864
5712
2788
13247
5842
5759
13615
11248
122
7555
8559
9425
11184
11234
11454
1246
542
6316
4035
14931
3609
5847
12206
8796
6802
9168
6236
12080
10040
13591
264
12412
4303
3052
10658
9653
8319
9272
5900
7949
1826
13968
2374
12519
10201
13828
13765
10743
5143
2307
10181
8752
7663
6894
2056
14465
1062
7800
11052
10610
6390
11316
8021
10693
13876
3678
4854
7194
12459
10754
143
13793
9721
2025
11311
4429
852
9583
171
5503
11399
9860
13763
4061
1754
326
3033
2816
8126
14085
12934
14517
9909
5954
9717
8292
9140
14571
14995
6106
10325
14646
4899
4553
1670
1209
8983
2522
10301
8662
7533
6699
3522
5803
10760
5276
6130
13301
7600
14256
11893
5533
13772
6309
10995
8489
14602
4642
8059
14596
10749
2891
13749
647
6953
418
1364
935
2448
11665
9105
9981
2871
12627
783
13139
2902
6913
11439
10010
5677
7840
50
4448
14149
11045
12445
13750
687
5012
12853
10944
7411
11601
11591
14364
11527
12463
14807
13975
8636
8912
8463
11507
6538
9247
9646
8949
667
5592
3958
5852
13432
4009
9809
12581
14562
7253
10838
14757
11773
8199
10700
4184
4307
6798
3547
834
4261
3354
14317
12897
12266
7780
8911
3311
1534
3064
12260
1709
8657
726
7562
6596
4243
2370
3684
3804
9131
14523
3561
5904
7229
13769
9596
11536
5567
12651
11878
9336
1004
11195
6740
12778
3974
650
597
5016
3715
12857
6725
11880
13583
14287
2983
2825
1164
6668
6138
9804
5698
9207
707
12927
7975
9811
8970
13050
7461
5848
7385
7974
2042
14125
5259
5524
14284
5856
10540
2506
3713
1772
13894
1803
567
1876
4137
1731
8052
10275
11535
13750
3989
11750
11184
11964
6560
4662
10014
13530
10510
1906
6503
12060
539
11270
2091
14823
2126
12139
2328
5347
13911
729
7150
14478
2605
10795
1209
10658
5577
12252
8915
9566
8510
4607
6530
69
9269
1051
13107
4286
2465
4117
1345
3004
387
2944
2334
2513
82
4170
7860
13993
4899
14518
13471
7505
9821
14188
2670
397
10947
11093
9964
4456
207
1493
4034
9476
2052
2140
13270
4517
6258
14615
7030
6645
2066
9364
8666
2148
13535
1033
1141
2941
58
14120
10446
9879
13307
12624
10277
9253
8225
5240
13218
8432
6241
2251
2908
7801
4391
685
11826
10157
300
3855
1309
1874
12728
9975
4023
10770
10516
5164
13711
10575
4283
8665
4961
2097
5796
237
10858
14021
4985
9075
7453
10734
11326
9869
3534
225
10554
360
10382
10362
3723
11692
12237
1450
6174
1259
12220
1690
5931
10439
11773
9722
4103
1733
11327
9899
1479
7184
8920
6464
767
880
2198
