1690
1633
351
25
1409
322
1624
24
540
898
17
1120
1202
1075
1826
661
291
1620
1204
334
1718
701
1290
1383
1634
1235
1571
349
16
901
1448
1263
534
1356
845
1500
1678
469
1081
217
924
1098
894
125
1730
277
344
20
1454
1548
1913
1171
1807
1202
554
1440
1994
1682
1789
1567
582
1236
830
1116
149
1232
172
1827
1258
1253
1602
1740
1908
495
1865
1638
329
1766
1215
1784
871
684
954
677
1886
1065
1674
1880
746
1462
1446
1329
254
1833
1
403
622
174
1788
1880
984
946
1619
892
998
1041
86
1328
363
858
1111
791
1543
1622
1025
985
687
698
421
1433
1717
1425
318
1972
1257
320
1932
1436
51
1276
873
592
221
48
1041
1220
646
1127
104
1010
1543
1215
1358
1085
393
383
69
1080
1081
491
70
798
1473
1946
326
286
1823
1815
1723
1874
1091
595
23
869
643
1064
88
847
191
1750
1857
1291
521
1214
375
915
1154
1
1995
235
49
1622
590
1522
1568
473
1809
1390
287
1531
821
1378
1683
844
1805
1883
1908
1893
729
1656
1643
142
946
163
914
878
635
67
880
187
1860
486
1809
6
8
933
479
1374
1881
767
461
701
1702
143
1102
1506
1583
566
956
1870
222
155
1569
725
1876
39
1161
511
107
1598
698
1524
83
63
1531
1649
997
1567
1022
877
333
1483
1135
1593
1183
236
1098
323
802
1611
192
581
1766
1318
864
1199
1358
24
1710
1022
1179
1965
545
1262
27
1633
911
581
1200
1490
1458
1090
973
149
682
1713
385
1781
35
745
948
1785
883
714
1103
1747
1913
17
1328
1179
1039
506
1143
1584
1326
727
774
1794
1309
1974
1283
323
1063
1813
30
1746
1526
1973
1083
1118
717
30
460
1158
301
1120
461
1771
1137
1790
949
175
1853
1649
1316
735
1934
89
528
799
1620
1369
679
683
1181
709
1986
263
682
1068
1382
956
655
1842
113
514
961
575
284
1655
1922
791
1830
1331
1997
702
66
1930
792
151
728
1969
1520
965
651
701
1674
193
964
355
818
1903
1312
1474
1301
982
1988
1819
1114
1829
1473
1035
619
859
1924
173
1562
1990
102
1911
1698
388
1879
1218
1353
87
1476
1026
280
1997
939
1099
1900
1808
129
1200
346
1674
1019
1461
1502
48
495
1679
908
418
1852
469
1965
1511
1937
1663
1899
1815
437
808
1459
1913
1392
1740
1909
330
395
1365
1695
524
122
40
197
698
1501
1256
746
1554
934
1654
1529
785
1680
1494
296
1616
713
1752
988
707
560
446
619
1952
1743
84
1839
137
1450
1533
218
1129
1130
415
1827
631
1672
572
1742
162
1784
1270
948
1463
320
801
636
1033
552
1181
1740
669
1184
1916
620
927
0
15
621
1007
1548
840
135
678
812
1962
866
483
90
607
646
1874
1877
1151
894
197
1952
1087
787
60
267
84
730
1451
1557
907
1935
1114
923
556
120
27
953
1813
262
1765
1331
685
1806
979
1292
8
852
726
716
1303
480
224
389
824
284
213
465
571
1222
22
1036
1156
1136
1959
1269
814
1543
221
183
1363
1544
1515
47
906
493
1340
914
902
1623
1630
205
102
1854
151
483
1695
1923
949
266
1144
971
1302
1857
1664
817
1126
477
1917
904
661
1279
4
1733
1327
910
1783
223
1381
684
1846
567
446
1505
1978
155
1545
1673
77
493
1496
778
1021
354
634
242
728
1317
719
644
221
937
1924
1783
226
807
693
8
1030
1631
250
432
198
696
1494
175
408
1038
1405
485
1089
900
1263
1667
811
1455
1909
1539
771
185
1741
992
679
1221
332
906
27
1025
471
614
212
721
603
410
975
1654
586
1383
248
1548
1426
1337
448
245
1004
816
1700
469
355
471
654
95
1020
1334
873
1352
239
900
1934
710
1071
146
989
1674
113
1964
884
256
903
1132
1805
328
26
252
574
587
1068
1831
1056
980
1859
1711
632
879
1044
1505
1788
840
1962
1279
1107
1032
982
95
262
1095
1616
1146
1352
519
278
1156
404
304
965
535
891
1590
366
1504
570
224
1214
759
660
1815
264
5
211
1783
1284
1319
815
265
971
1077
1360
144
1781
268
220
1616
1424
624
1920
388
1160
367
1536
1083
1871
105
864
642
421
1525
456
242
1530
668
25
370
1544
840
192
71
1474
1552
215
811
1821
435
426
801
617
345
747
1777
269
282
859
140
1945
1723
782
365
804
795
608
1891
1020
633
1818
120
1030
9
192
60
1562
1965
872
939
1958
1298
1740
574
1201
43
1908
1470
325
323
1167
269
1603
1506
635
1965
301
800
1855
1321
1433
1673
1442
19
1239
1191
79
800
712
951
1296
669
249
593
800
1450
636
707
476
962
587
1644
788
190
1149
1423
154
1450
222
1566
328
1212
795
1327
1231
34
74
1311
391
786
1819
1245
1456
67
1838
1813
1074
30
77
1551
549
664
751
1338
411
1900
760
122
907
540
1689
792
1309
40
118
540
1632
192
1408
23
978
1226
825
1991
851
662
1804
1482
249
1881
589
799
101
1340
136
513
797
453
635
1704
550
1881
495
1860
1479
170
1957
1110
1920
1364
690
897
146
1515
445
554
1734
1806
36
1984
1243
625
782
1344
1523
918
1414
319
928
1607
22
1479
1487
74
1338
522
1802
1294
1633
1721
214
1880
617
1918
1395
619
472
1128
424
65
668
1667
247
1450
568
1770
1925
